0.000000000000000000e+00 9.976444326110118777e-01 9.979367982770470658e-01 1.003340234265134079e+00
1.000000000000000000e+00 9.971629326677464711e-01 9.978180671067087282e-01 1.003256571686845788e+00
2.000000000000000000e+00 9.966132045346624002e-01 9.976819949424471368e-01 1.003161096845410105e+00
3.000000000000000000e+00 9.960006367992165766e-01 9.975294606327167468e-01 1.003054783164988972e+00
4.000000000000000000e+00 9.953335428540006635e-01 9.973618147548288793e-01 1.002939132859357985e+00
5.000000000000000000e+00 9.946227423993426742e-01 9.971806893460511967e-01 1.002816111403343147e+00
6.000000000000000000e+00 9.938810608259034396e-01 9.969877841251952866e-01 1.002688068004646826e+00
7.000000000000000000e+00 9.931228228412226633e-01 9.967846638822490668e-01 1.002557654036563717e+00
8.000000000000000000e+00 9.923633764835166904e-01 9.965725974606781667e-01 1.002427743936009419e+00
9.000000000000000000e+00 9.916186358992875594e-01 9.963524593740166191e-01 1.002301354573881476e+00
1.000000000000000000e+01 9.909045958003028787e-01 9.961247031243256611e-01 1.002181553209872122e+00
1.100000000000000000e+01 9.902367938706814199e-01 9.958894546024612549e-01 1.002071401725066702e+00
1.200000000000000000e+01 9.896296044288823701e-01 9.956465674670850197e-01 1.001973768868391179e+00
1.300000000000000000e+01 9.890954982241726423e-01 9.953958083187202099e-01 1.001891229151349760e+00
1.400000000000000000e+01 9.886442907577948080e-01 9.951370530884579013e-01 1.001825958998549204e+00
1.500000000000000000e+01 9.882825230526688376e-01 9.948705061098392921e-01 1.001779695712893936e+00
1.600000000000000000e+01 9.880131175805730859e-01 9.945969377568885106e-01 1.001753804324893027e+00
1.700000000000000000e+01 9.878354233905900506e-01 9.943179444181715620e-01 1.001749492012581122e+00
1.800000000000000000e+01 9.877456999229118351e-01 9.940362396428048530e-01 1.001768192641439237e+00
1.900000000000000000e+01 9.877380049904918025e-01 9.937559832166031892e-01 1.001812115822684479e+00
2.000000000000000000e+01 9.878053707223440894e-01 9.934831421454008993e-01 1.001884918354755571e+00
2.100000000000000000e+01 9.879410917039492812e-01 9.932258532210161972e-01 1.001992415547312110e+00
2.200000000000000000e+01 9.881399350023014616e-01 9.929947273676720254e-01 1.002143214339621391e+00
2.300000000000000000e+01 9.883990350481814957e-01 9.928029907126501019e-01 1.002349114556513543e+00
2.400000000000000000e+01 9.887184141045531893e-01 9.926663733434967218e-01 1.002625145284444130e+00
2.500000000000000000e+01 9.891009815873166300e-01 9.926026293806703427e-01 1.002989106331788838e+00
2.600000000000000000e+01 9.895520085995387349e-01 9.926306106172446686e-01 1.003460532871226052e+00
2.700000000000000000e+01 9.900782343465308610e-01 9.927690012392900165e-01 1.004059226310468622e+00
2.800000000000000000e+01 9.906866506609597334e-01 9.930347255166749321e-01 1.004803382777886611e+00
2.900000000000000000e+01 9.913832083784082094e-01 9.934412912268533180e-01 1.005707637569213997e+00
3.000000000000000000e+01 9.921716337135935149e-01 9.939973091546814299e-01 1.006781310918777761e+00
3.100000000000000000e+01 9.930525296398313717e-01 9.947054348726460660e-01 1.008027141550597694e+00
3.200000000000000000e+01 9.940228776004035316e-01 9.955619098944569201e-01 1.009440711173615002e+00
3.300000000000000000e+01 9.950759733087951586e-01 9.965567636989357547e-01 1.011010628885512741e+00
3.400000000000000000e+01 9.962017469650551460e-01 9.976746078603957457e-01 1.012719395454340754e+00
3.500000000000000000e+01 9.973873548591825067e-01 9.988958462425037155e-01 1.014544745912592472e+00
3.600000000000000000e+01 9.986179025109593876e-01 1.000198071101040087e+00 1.016461208449740861e+00
3.700000000000000000e+01 9.998771605266929541e-01 1.001557427276051682e+00 1.018441628539654253e+00
3.800000000000000000e+01 1.001148257682171971e+00 1.002949785925723925e+00 1.020458498659863267e+00
3.900000000000000000e+01 1.002414224599014414e+00 1.004351679201313852e+00 1.022485006311081301e+00
4.000000000000000000e+01 1.003658511482971250e+00 1.005741016254768638e+00 1.024495852070619106e+00
4.100000000000000000e+01 1.004865461057759424e+00 1.007097651038292518e+00 1.026467867741136519e+00
4.200000000000000000e+01 1.006020912357280750e+00 1.008403923058207585e+00 1.028380686755132389e+00
4.300000000000000000e+01 1.007112768706230232e+00 1.009645167904771101e+00 1.030217310113534568e+00
4.400000000000000000e+01 1.008131564195257956e+00 1.010810204562913261e+00 1.031964647123047030e+00
4.500000000000000000e+01 1.009070902313251583e+00 1.011891716775315864e+00 1.033613904054791588e+00
4.600000000000000000e+01 1.009927642620086718e+00 1.012886422765183481e+00 1.035160683767658352e+00
4.700000000000000000e+01 1.010701731343148779e+00 1.013794939693571262e+00 1.036604673756473360e+00
4.800000000000000000e+01 1.011395626982192431e+00 1.014621298724440068e+00 1.037948861424087932e+00
4.900000000000000000e+01 1.012013348791965806e+00 1.015372137267668062e+00 1.039198306747405542e+00
5.000000000000000000e+01 1.012559255300082395e+00 1.016055664561778427e+00 1.040358599360654779e+00
5.100000000000000000e+01 1.013036723459566080e+00 1.016680545065014929e+00 1.041434205548151359e+00
5.200000000000000000e+01 1.013446920005209861e+00 1.017254836799704520e+00 1.042426928203648462e+00
5.300000000000000000e+01 1.013787932530404667e+00 1.017785229425866689e+00 1.043334845508554265e+00
5.400000000000000000e+01 1.014054320633807071e+00 1.018276496529628261e+00 1.044151728288215120e+00
5.500000000000000000e+01 1.014237281906807508e+00 1.018731349980384282e+00 1.044867230064974395e+00
5.600000000000000000e+01 1.014325358398229460e+00 1.019150588809344837e+00 1.045467790652802265e+00
5.700000000000000000e+01 1.014305777234806971e+00 1.019533588691922121e+00 1.045938216291665945e+00
5.800000000000000000e+01 1.014166020649784894e+00 1.019878886459441247e+00 1.046263637281284575e+00
5.900000000000000000e+01 1.013895489571436714e+00 1.020184817119111464e+00 1.046431580322969346e+00
6.000000000000000000e+01 1.013486937386858688e+00 1.020450063505409011e+00 1.046433799392699537e+00
6.100000000000000000e+01 1.012937397987880628e+00 1.020674014210801506e+00 1.046267546955572447e+00
6.200000000000000000e+01 1.012248409648971226e+00 1.020856858911145526e+00 1.045936062215916618e+00
6.300000000000000000e+01 1.011425458666551869e+00 1.020999394836612062e+00 1.045448197356434461e+00
6.400000000000000000e+01 1.010476709422603037e+00 1.021102567858580779e+00 1.044817264052517070e+00
6.500000000000000000e+01 1.009411220681940557e+00 1.021166819478649623e+00 1.044059323099385539e+00
6.600000000000000000e+01 1.008237019656905042e+00 1.021191575848048760e+00 1.043191238986108438e+00
6.700000000000000000e+01 1.006959175381100025e+00 1.021174391336773679e+00 1.042228815115132212e+00
6.800000000000000000e+01 1.005578416517965756e+00 1.021110655959741598e+00 1.041185265577561303e+00
6.900000000000000000e+01 1.004090513148292674e+00 1.020993683230331905e+00 1.040070319029730017e+00
7.000000000000000000e+01 1.002486545736332779e+00 1.020815335863404449e+00 1.038889942052779736e+00
7.100000000000000000e+01 1.000754150341657711e+00 1.020567127804672181e+00 1.037646728248992289e+00
7.200000000000000000e+01 9.988795710508957537e-01 1.020242349214492528e+00 1.036340715075850349e+00
7.300000000000000000e+01 9.968503635559331499e-01 1.019838459909374384e+00 1.034970601027777937e+00
7.400000000000000000e+01 9.946583548799596830e-01 1.019359906967530316e+00 1.033535077151883197e+00
7.500000000000000000e+01 9.923024574867860270e-01 1.018820933687683672e+00 1.032034096224321074e+00
7.600000000000000000e+01 9.897909238649562624e-01 1.018247908503531418e+00 1.030469919094470388e+00
7.700000000000000000e+01 9.871426914183123458e-01 1.017680620123248003e+00 1.028847832920900096e+00
7.800000000000000000e+01 9.843875870880645085e-01 1.017171974819357727e+00 1.027176500756777466e+00
7.900000000000000000e+01 9.815653151319739811e-01 1.016785630114343641e+00 1.025467962609996508e+00
8.000000000000000000e+01 9.787233131879778947e-01 1.016591334782285472e+00 1.023737351569758758e+00
8.100000000000000000e+01 9.759137064571774545e-01 1.016658121601887732e+00 1.022002406175897438e+00
8.200000000000000000e+01 9.731897199961255795e-01 1.017045982313482533e+00 1.020282875632392727e+00
8.300000000000000000e+01 9.706018597107194390e-01 1.017797107098089571e+00 1.018599749097554241e+00
8.400000000000000000e+01 9.681944441080853059e-01 1.018928201282501389e+00 1.016974518576508224e+00
8.500000000000000000e+01 9.660027327185524149e-01 1.020425396072305757e+00 1.015428304018764827e+00
8.600000000000000000e+01 9.640509879920864389e-01 1.022243043793636286e+00 1.013980886500529310e+00
8.700000000000000000e+01 9.623516346781010311e-01 1.024307034285265594e+00 1.012649668798657032e+00
8.800000000000000000e+01 9.609055315751240389e-01 1.026522384170901026e+00 1.011448629479967387e+00
8.900000000000000000e+01 9.597032239880595172e-01 1.028783940255062479e+00 1.010387384189826543e+00
9.000000000000000000e+01 9.587269281645490748e-01 1.030988354401677132e+00 1.009470496164272424e+00
