0.000000000000000000e+00 1.002497625543162352e+00 9.790181729216433926e-01 9.616017777237209074e-01
1.000000000000000000e+00 1.002085953197067170e+00 9.787833828815334369e-01 9.618819624818930603e-01
2.000000000000000000e+00 1.001616897248788884e+00 9.785153335560928811e-01 9.622032417763328738e-01
3.000000000000000000e+00 1.001095891794423709e+00 9.782166614980941644e-01 9.625636921141093039e-01
4.000000000000000000e+00 1.000531330160749022e+00 9.778914344277137571e-01 9.629603602268397289e-01
5.000000000000000000e+00 9.999343671485053653e-01 9.775449488976735157e-01 9.633897411869793981e-01
6.000000000000000000e+00 9.993186570567584859e-01 9.771834879797538509e-01 9.638483130924447861e-01
7.000000000000000000e+00 9.987000636490024341e-01 9.768140758938999024e-01 9.643330411877116815e-01
8.000000000000000000e+00 9.980963334211008231e-01 9.764442467758553956e-01 9.648417724314950483e-01
9.000000000000000000e+00 9.975266782882554750e-01 9.760818214394431092e-01 9.653734628623290570e-01
1.000000000000000000e+01 9.970111894265640817e-01 9.757346687623518200e-01 9.659282094499923588e-01
1.100000000000000000e+01 9.965700210932598724e-01 9.754104614371064130e-01 9.665071077124181009e-01
1.200000000000000000e+01 9.962223166566334109e-01 9.751163086455120199e-01 9.671119185641616767e-01
1.300000000000000000e+01 9.959849603001913465e-01 9.748584108127686942e-01 9.677446662417221734e-01
1.400000000000000000e+01 9.958712935278627443e-01 9.746417086489913562e-01 9.684072061837880607e-01
1.500000000000000000e+01 9.958900039584998032e-01 9.744696124789895553e-01 9.691008490606574100e-01
1.600000000000000000e+01 9.960443984589888444e-01 9.743438890048046197e-01 9.698261102705392211e-01
1.700000000000000000e+01 9.963322215368444201e-01 9.742647687009736712e-01 9.705826328784008528e-01
1.800000000000000000e+01 9.967460817687613384e-01 9.742313034782023040e-01 9.713693015765689776e-01
1.900000000000000000e+01 9.972744304159412154e-01 9.742419581387478100e-01 9.721845311319607941e-01
2.000000000000000000e+01 9.979029303044392174e-01 9.742953705222939798e-01 9.730266811934219495e-01
2.100000000000000000e+01 9.986159876214291131e-01 9.743911741345451238e-01 9.738945258354858581e-01
2.200000000000000000e+01 9.993982176681324159e-01 9.745307564716474413e-01 9.747876884081881910e-01
2.300000000000000000e+01 1.000235606097686691e+00 9.747177921184648763e-01 9.757069878416060327e-01
2.400000000000000000e+01 1.001116317168817993e+00 9.749584719413144640e-01 9.766545798343228002e-01
2.500000000000000000e+01 1.002031054856098446e+00 9.752613142036946625e-01 9.776338910827400142e-01
2.600000000000000000e+01 1.002972977018612877e+00 9.756364746967597368e-01 9.786492459164461977e-01
2.700000000000000000e+01 1.003937427765832835e+00 9.760948140041763033e-01 9.797054395797459847e-01
2.800000000000000000e+01 1.004921380883213811e+00 9.766465785125990617e-01 9.808070343934414126e-01
2.900000000000000000e+01 1.005922821341277196e+00 9.773000143579342325e-01 9.819576197403145912e-01
3.000000000000000000e+01 1.006940118060757783e+00 9.780600763100743000e-01 9.831590883969800743e-01
3.100000000000000000e+01 1.007971435213672162e+00 9.789274069437210457e-01 9.844110032013227984e-01
3.200000000000000000e+01 1.009014196767163307e+00 9.798977019273160671e-01 9.857100970765426684e-01
3.300000000000000000e+01 1.010064594601697285e+00 9.809614920640118418e-01 9.870499104447163496e-01
3.400000000000000000e+01 1.011117120803193936e+00 9.821042873241920823e-01 9.884205375904993041e-01
3.500000000000000000e+01 1.012164113622194606e+00 9.833069705233924429e-01 9.898084424802686687e-01
3.600000000000000000e+01 1.013195334022410465e+00 9.845463185845750864e-01 9.911963239522513236e-01
3.700000000000000000e+01 1.014197609744409645e+00 9.857955641618803000e-01 9.925630534023556217e-01
3.800000000000000000e+01 1.015154736739692254e+00 9.870250244370039061e-01 9.938837940377145408e-01
3.900000000000000000e+01 1.016047598262116214e+00 9.882028185939412124e-01 9.951304021667962685e-01
4.000000000000000000e+01 1.016854748122717256e+00 9.892958405075101824e-01 9.962722858676921200e-01
4.100000000000000000e+01 1.017553497038729660e+00 9.902711403964005177e-01 9.972778864126672360e-01
4.200000000000000000e+01 1.018121422923241592e+00 9.910975776383423863e-01 9.981165489021442960e-01
4.300000000000000000e+01 1.018538234978674684e+00 9.917478655820610722e-01 9.987609159584559526e-01
4.400000000000000000e+01 1.018787712251338018e+00 9.922006689495838083e-01 9.991894049260585664e-01
4.500000000000000000e+01 1.018859422245786295e+00 9.924424725214198162e-01 9.993884404377184616e-01
4.600000000000000000e+01 1.018749923512137778e+00 9.924689044759658074e-01 9.993540841347204884e-01
4.700000000000000000e+01 1.018463237184818349e+00 9.922852788010551039e-01 9.990928032999633057e-01
4.800000000000000000e+01 1.018010510428116078e+00 9.919062722735375592e-01 9.986212911055891706e-01
4.900000000000000000e+01 1.017408952652580245e+00 9.913548267187428653e-01 9.979654424360594467e-01
5.000000000000000000e+01 1.016680258971965456e+00 9.906605112349943232e-01 9.971587411203557405e-01
5.100000000000000000e+01 1.015848808551880422e+00 9.898576473012455912e-01 9.962403799838874807e-01
5.200000000000000000e+01 1.014939920413192587e+00 9.889834588345531863e-01 9.952533902153067880e-01
5.300000000000000000e+01 1.013978391258236744e+00 9.880764975780332859e-01 9.942429806421709815e-01
5.400000000000000000e+01 1.012987404751676257e+00 9.871752543450219575e-01 9.932550372413654349e-01
5.500000000000000000e+01 1.011987824183383511e+00 9.863169846585307932e-01 9.923347231510024624e-01
5.600000000000000000e+01 1.010997755154319666e+00 9.855365847103489951e-01 9.915249467929720950e-01
5.700000000000000000e+01 1.010032349837224341e+00 9.848653936627580485e-01 9.908647477634473510e-01
5.800000000000000000e+01 1.009103654183516774e+00 9.843299189032588270e-01 9.903874046234539819e-01
5.900000000000000000e+01 1.008220503680861801e+00 9.839505716413428082e-01 9.901185343227455471e-01
6.000000000000000000e+01 1.007388452029677417e+00 9.837406104870142221e-01 9.900744295829684294e-01
6.100000000000000000e+01 1.006609763632252186e+00 9.837055262581166915e-01 9.902609408773768163e-01
6.200000000000000000e+01 1.005883507945114053e+00 9.838430602355576760e-01 9.906731444244473161e-01
6.300000000000000000e+01 1.005205775726619066e+00 9.841439385287705788e-01 9.912958899820297765e-01
6.400000000000000000e+01 1.004570005936314958e+00 9.845932611847064697e-01 9.921051407611781725e-01
6.500000000000000000e+01 1.003967383965639781e+00 9.851723507444043459e-01 9.930698631601295734e-01
6.600000000000000000e+01 1.003387168016250941e+00 9.858604574551504962e-01 9.941537194164546953e-01
6.700000000000000000e+01 1.002817193801252449e+00 9.866369664988670074e-01 9.953175008160222159e-01
6.800000000000000000e+01 1.002244085537189022e+00 9.874825324866650655e-01 9.965203800738012818e-01
6.900000000000000000e+01 1.001653587065524542e+00 9.883798453116616756e-01 9.977209944778073769e-01
7.000000000000000000e+01 1.001030823227577304e+00 9.893135555419017013e-01 9.988779102630970241e-01
7.100000000000000000e+01 1.000360705793448712e+00 9.902696807826060210e-01 9.999499962944542464e-01
7.200000000000000000e+01 9.996280979031491043e-01 9.912336898222006143e-01 1.000895447332587507e+00
7.300000000000000000e+01 9.988181771524397012e-01 9.921884018805016137e-01 1.001671014728480413e+00
7.400000000000000000e+01 9.979166675073741777e-01 9.931112989073598296e-01 1.002230543822805631e+00
7.500000000000000000e+01 9.969099453546489409e-01 9.939716815894923396e-01 1.002523100364282049e+00
7.600000000000000000e+01 9.957850168625856924e-01 9.947281269358692057e-01 1.002490991261881348e+00
7.700000000000000000e+01 9.945294528740130646e-01 9.953268720655605861e-01 1.002068293034944713e+00
7.800000000000000000e+01 9.931314667825122955e-01 9.957018661405098170e-01 1.001180798960630947e+00
7.900000000000000000e+01 9.915803857679248434e-01 9.957772163331799486e-01 9.997484317434883749e-01
8.000000000000000000e+01 9.898677500862362866e-01 9.954725241181594519e-01 9.976909894192386163e-01
8.100000000000000000e+01 9.879891506752709329e-01 9.947111276031558313e-01 9.949375117776622091e-01
8.200000000000000000e+01 9.859466818790361131e-01 9.934305509621956798e-01 9.914385821253243192e-01
8.300000000000000000e+01 9.837516585506785871e-01 9.915938526425635002e-01 9.871799803597304246e-01
8.400000000000000000e+01 9.814269055209459136e-01 9.891996304671076823e-01 9.821947458348185833e-01
8.500000000000000000e+01 9.790079462967651303e-01 9.862886101145135198e-01 9.765708312644344469e-01
8.600000000000000000e+01 9.765424441656718191e-01 9.829448544722759751e-01 9.704516304685496531e-01
8.700000000000000000e+01 9.740875778243073269e-01 9.792905962270868070e-01 9.640279676910612494e-01
8.800000000000000000e+01 9.717054916583773849e-01 9.754749927482311289e-01 9.575219394727525479e-01
8.900000000000000000e+01 9.694574433189455664e-01 9.716584588796901567e-01 9.511649064015221811e-01
9.000000000000000000e+01 9.673976334295580903e-01 9.679952638386513097e-01 9.451733859782436298e-01
