0.000000000000000000e+00 9.910871003628908271e-01 9.907222290487976979e-01 9.878399351313587040e-01
1.000000000000000000e+00 9.907337055848854934e-01 9.904716369020341027e-01 9.879426751717461652e-01
2.000000000000000000e+00 9.903312629572772474e-01 9.901863721058298262e-01 9.880616672158517577e-01
3.000000000000000000e+00 9.898846221520947175e-01 9.898699668436705679e-01 9.881972358197744777e-01
4.000000000000000000e+00 9.894012756566719080e-01 9.895278790471732089e-01 9.883498990385600758e-01
5.000000000000000000e+00 9.888912247861284532e-01 9.891674154392653406e-01 9.885207430654665561e-01
6.000000000000000000e+00 9.883667919072716135e-01 9.887976171117949242e-01 9.887118250762708671e-01
7.000000000000000000e+00 9.878424034046963120e-01 9.884291217465791535e-01 9.889265360523763482e-01
8.000000000000000000e+00 9.873343271339658500e-01 9.880739864930732086e-01 9.891698453743889008e-01
9.000000000000000000e+00 9.868603082843214747e-01 9.877454267810612532e-01 9.894483513195660995e-01
1.000000000000000000e+01 9.864390279702700548e-01 9.874574131158923018e-01 9.897700797473811818e-01
1.100000000000000000e+01 9.860893256002013496e-01 9.872240854886720207e-01 9.901440146049139690e-01
1.200000000000000000e+01 9.858291696595564702e-01 9.870589655852916033e-01 9.905793684661985399e-01
1.300000000000000000e+01 9.856744513437294408e-01 9.869740381456743039e-01 9.910846961456788451e-01
1.400000000000000000e+01 9.856377423198598997e-01 9.869788040669937867e-01 9.916669658717410796e-01
1.500000000000000000e+01 9.857272154582235046e-01 9.870794599165493288e-01 9.923307431078127738e-01
1.600000000000000000e+01 9.859459315066683160e-01 9.872783597681751289e-01 9.930776326584829228e-01
1.700000000000000000e+01 9.862916448808120018e-01 9.875738770490043450e-01 9.939060841156658332e-01
1.800000000000000000e+01 9.867571876913397988e-01 9.879607120972691003e-01 9.948115990791089880e-01
1.900000000000000000e+01 9.873313782580055431e-01 9.884306045238064886e-01 9.957873020753515991e-01
2.000000000000000000e+01 9.880003001616147751e-01 9.889733319978983861e-01 9.968247700683290358e-01
2.100000000000000000e+01 9.887487369981279306e-01 9.895778289568322172e-01 9.979149741325772371e-01
2.200000000000000000e+01 9.895615473470453782e-01 9.902332557165931526e-01 9.990491770906754221e-01
2.300000000000000000e+01 9.904247616496851814e-01 9.909298466479894429e-01 1.000219667489000264e+00
2.400000000000000000e+01 9.913263536952222621e-01 9.916594902819828583e-01 1.001420228682250224e+00
2.500000000000000000e+01 9.922566075422032394e-01 9.924159767918364627e-01 1.002646328504233963e+00
2.600000000000000000e+01 9.932081041807822031e-01 9.931949278320243435e-01 1.003895017917952215e+00
2.700000000000000000e+01 9.941755129120559697e-01 9.939935486333535408e-01 1.005164675986731204e+00
2.800000000000000000e+01 9.951551649597523141e-01 9.948101972401202087e-01 1.006454577738129297e+00
2.900000000000000000e+01 9.961445716644874437e-01 9.956439070844669281e-01 1.007764420074579004e+00
3.000000000000000000e+01 9.971419406450676703e-01 9.964939221161646099e-01 1.009093861573221007e+00
3.100000000000000000e+01 9.981457290860377141e-01 9.973592920700058428e-01 1.010442124480550596e+00
3.200000000000000000e+01 9.991542461628910576e-01 9.982385500674457735e-01 1.011807682968659972e+00
3.300000000000000000e+01 1.000165297637291006e+00 9.991294721632265619e-01 1.013188038471181995e+00
3.400000000000000000e+01 1.001175858284162778e+00 1.000028903300186123e+00 1.014579566103007702e+00
3.500000000000000000e+01 1.002181763217576016e+00 1.000932629776664973e+00 1.015977410289932381e+00
3.600000000000000000e+01 1.003177426012726414e+00 1.001835285819039356e+00 1.017375414824744251e+00
3.700000000000000000e+01 1.004155596276432583e+00 1.002730284403684058e+00 1.018766078550682241e+00
3.800000000000000000e+01 1.005107299864250736e+00 1.003609864530375484e+00 1.020140619184898512e+00
3.900000000000000000e+01 1.006021876595971865e+00 1.004465179605720460e+00 1.021489092034595592e+00
4.000000000000000000e+01 1.006887305499331919e+00 1.005286567354060079e+00 1.022800693411108464e+00
4.100000000000000000e+01 1.007690770856531248e+00 1.006063986457477633e+00 1.024064207459000064e+00
4.200000000000000000e+01 1.008419565230310289e+00 1.006787649440496812e+00 1.025268727091367627e+00
4.300000000000000000e+01 1.009062102558060392e+00 1.007448756046255278e+00 1.026404419616218977e+00
4.400000000000000000e+01 1.009608974070662635e+00 1.008040253838111910e+00 1.027463321156580012e+00
4.500000000000000000e+01 1.010053843918252037e+00 1.008557494248657704e+00 1.028439992561834160e+00
4.600000000000000000e+01 1.010394000231744416e+00 1.008998657369126528e+00 1.029331887755439157e+00
4.700000000000000000e+01 1.010630423077097717e+00 1.009364850596216723e+00 1.030139319546791610e+00
4.800000000000000000e+01 1.010767313236498044e+00 1.009659844070994072e+00 1.030864973784801908e+00
4.900000000000000000e+01 1.010811126471784949e+00 1.009889475280611570e+00 1.031513006261080667e+00
5.000000000000000000e+01 1.010769253461773154e+00 1.010060818384121539e+00 1.032087839460969825e+00
5.100000000000000000e+01 1.010648554886137918e+00 1.010181255337994521e+00 1.032592840716173743e+00
5.200000000000000000e+01 1.010453990140291580e+00 1.010257595150177323e+00 1.033029094668939551e+00
5.300000000000000000e+01 1.010187570563522375e+00 1.010295381854375618e+00 1.033394496967678711e+00
5.400000000000000000e+01 1.009847806448178620e+00 1.010298463241524614e+00 1.033683324274004223e+00
5.500000000000000000e+01 1.009429752490872190e+00 1.010268873463106010e+00 1.033886408882652264e+00
5.600000000000000000e+01 1.008925696969039443e+00 1.010207082878646245e+00 1.033991996599773033e+00
5.700000000000000000e+01 1.008326283941522572e+00 1.010112355831060071e+00 1.033987020868278872e+00
5.800000000000000000e+01 1.007622045484087847e+00 1.009983390743283582e+00 1.033858850681855346e+00
5.900000000000000000e+01 1.006805028404090807e+00 1.009819007389979095e+00 1.033597135376647103e+00
6.000000000000000000e+01 1.005870285832834776e+00 1.009618828776507105e+00 1.033195502203511973e+00
6.100000000000000000e+01 1.004817015249211298e+00 1.009383895255139052e+00 1.032652861813139422e+00
6.200000000000000000e+01 1.003649198573482337e+00 1.009117180131846148e+00 1.031974158290194232e+00
6.300000000000000000e+01 1.002375702422652282e+00 1.008824008672729144e+00 1.031170516725896880e+00
6.400000000000000000e+01 1.001009901384383616e+00 1.008512405046195326e+00 1.030258860737682358e+00
6.500000000000000000e+01 9.995689656439152859e-01 1.008193394126657205e+00 1.029261159630193934e+00
6.600000000000000000e+01 9.980726502510680609e-01 1.007881047757295034e+00 1.028203171926951986e+00
6.700000000000000000e+01 9.965426946023367982e-01 1.007592850267102325e+00 1.027113758337672600e+00
6.800000000000000000e+01 9.950016199367436309e-01 1.007349453517212279e+00 1.026023596590521336e+00
6.900000000000000000e+01 9.934716695529771657e-01 1.007174174912035314e+00 1.024963961155498815e+00
7.000000000000000000e+01 9.919735042825353899e-01 1.007091885354593375e+00 1.023965167187903536e+00
7.100000000000000000e+01 9.905248441218408306e-01 1.007127318902034441e+00 1.023054789982059676e+00
7.200000000000000000e+01 9.891379392860433217e-01 1.007302317612541742e+00 1.022254674593861656e+00
7.300000000000000000e+01 9.878170457611217259e-01 1.007632675486337392e+00 1.021577784379289477e+00
7.400000000000000000e+01 9.865553652438991961e-01 1.008124564393491962e+00 1.021024513132203104e+00
7.500000000000000000e+01 9.853319581320070242e-01 1.008771075379268689e+00 1.020579040340626742e+00
7.600000000000000000e+01 9.841092106581688093e-01 1.009549464378792116e+00 1.020206393729288230e+00
7.700000000000000000e+01 9.828316157698150368e-01 1.010419736390308909e+00 1.019851025827185564e+00
7.800000000000000000e+01 9.814266996941412025e-01 1.011325144661326059e+00 1.019437729817335381e+00
7.900000000000000000e+01 9.798088241144180532e-01 1.012195007448447148e+00 1.018875564952584911e+00
8.000000000000000000e+01 9.778862628571145521e-01 1.012949952841635248e+00 1.018065099776858551e+00
8.100000000000000000e+01 9.755713805345886946e-01 1.013509309709097916e+00 1.016908715988375400e+00
8.200000000000000000e+01 9.727930091046570471e-01 1.013799922257600405e+00 1.015323033060555602e+00
8.300000000000000000e+01 9.695092459992484812e-01 1.013765218516808009e+00 1.013251693162744438e+00
8.400000000000000000e+01 9.657185421490946942e-01 1.013373152267028843e+00 1.010676505397193781e+00
8.500000000000000000e+01 9.614665462368109372e-01 1.012621531539450004e+00 1.007624537021418964e+00
8.600000000000000000e+01 9.568467692033346683e-01 1.011539587900370796e+00 1.004169356776113187e+00
8.700000000000000000e+01 9.519941278420499531e-01 1.010185235911254198e+00 1.000425554871239520e+00
8.800000000000000000e+01 9.470718538605804593e-01 1.008638282285445387e+00 9.965369827089719523e-01
8.900000000000000000e+01 9.422537179418930542e-01 1.006990664395971624e+00 9.926605008254733020e-01
9.000000000000000000e+01 9.377046048090541541e-01 1.005335407736967168e+00 9.889480226412925568e-01
