0.000000000000000000e+00 1.012725737239164259e+00 1.010269982021824609e+00 1.000236798958223483e+00
1.000000000000000000e+00 1.012813131482299900e+00 1.010235384159999139e+00 1.000881049238186327e+00
2.000000000000000000e+00 1.012912330398307637e+00 1.010194881832276348e+00 1.001617177592333263e+00
3.000000000000000000e+00 1.013021792898283646e+00 1.010147928508158710e+00 1.002438386007484805e+00
4.000000000000000000e+00 1.013139075640092424e+00 1.010093608322602643e+00 1.003334091185326349e+00
5.000000000000000000e+00 1.013260735843442228e+00 1.010030358357126623e+00 1.004290455407805815e+00
6.000000000000000000e+00 1.013382212113913328e+00 1.009955644025722243e+00 1.005290974619981181e+00
7.000000000000000000e+00 1.013497687997090724e+00 1.009865624637324322e+00 1.006317004923305225e+00
8.000000000000000000e+00 1.013599966677920294e+00 1.009754864778243277e+00 1.007348173077299291e+00
9.000000000000000000e+00 1.013680409602647714e+00 1.009616161938311274e+00 1.008362699851143685e+00
1.000000000000000000e+01 1.013729007501394275e+00 1.009440565432365045e+00 1.009337738033893928e+00
1.100000000000000000e+01 1.013734650243834245e+00 1.009217649693526786e+00 1.010249862265692800e+00
1.200000000000000000e+01 1.013685640293101153e+00 1.008936078059754715e+00 1.011075858409417050e+00
1.300000000000000000e+01 1.013570434447894852e+00 1.008584421997389846e+00 1.011793778495003959e+00
1.400000000000000000e+01 1.013378561280484202e+00 1.008152174144998803e+00 1.012384304637380161e+00
1.500000000000000000e+01 1.013101587821323202e+00 1.007630810885691730e+00 1.012832206853083727e+00
1.600000000000000000e+01 1.012733982275042965e+00 1.007014740026530131e+00 1.013127670891107224e+00
1.700000000000000000e+01 1.012273718912222176e+00 1.006301971473251289e+00 1.013267251839089278e+00
1.800000000000000000e+01 1.011722510278623588e+00 1.005494391861903036e+00 1.013254265771587059e+00
1.900000000000000000e+01 1.011085621338796869e+00 1.004597597777305396e+00 1.013098542549486947e+00
2.000000000000000000e+01 1.010371301767099883e+00 1.003620327381684385e+00 1.012815594352280746e+00
2.100000000000000000e+01 1.009589943974072090e+00 1.002573603939949543e+00 1.012425366676630967e+00
2.200000000000000000e+01 1.008753114889436864e+00 1.001469748299111506e+00 1.011950784485964761e+00
2.300000000000000000e+01 1.007872624605053558e+00 1.000321416234227545e+00 1.011416378643272385e+00
2.400000000000000000e+01 1.006959739889109029e+00 9.991407924327315726e-01 1.010847035727223231e+00
2.500000000000000000e+01 1.006024626093765750e+00 9.979390064870979904e-01 1.010267026422057679e+00
2.600000000000000000e+01 1.005076026815835855e+00 9.967257832453446653e-01 1.009699255045885646e+00
2.700000000000000000e+01 1.004121208837582602e+00 9.955093641681254102e-01 1.009164674898985314e+00
2.800000000000000000e+01 1.003165948197799695e+00 9.942964395628199892e-01 1.008681712974810907e+00
2.900000000000000000e+01 1.002214706232012142e+00 9.930922859356372534e-01 1.008265745793156754e+00
3.000000000000000000e+01 1.001270847077209369e+00 9.919009448325469824e-01 1.007928600310317613e+00
3.100000000000000000e+01 1.000336902226825808e+00 9.907254641514201543e-01 1.007678169413164682e+00
3.200000000000000000e+01 9.994148917811548349e-01 9.895682245258736742e-01 1.007518255404264984e+00
3.300000000000000000e+01 9.985067240974339065e-01 9.884313835140307036e-01 1.007448743789452816e+00
3.400000000000000000e+01 9.976146950714501749e-01 9.873174649539003811e-01 1.007466159033755693e+00
3.500000000000000000e+01 9.967420924010661487e-01 9.862300972804659560e-01 1.007564578733350036e+00
3.600000000000000000e+01 9.958938802963342996e-01 9.851748652400439399e-01 1.007736805267016145e+00
3.700000000000000000e+01 9.950774005129189304e-01 9.841601899606403636e-01 1.007975635620822041e+00
3.800000000000000000e+01 9.943029969097119114e-01 9.831981156120817023e-01 1.008275066480512017e+00
3.900000000000000000e+01 9.935843657751719515e-01 9.823047675013814040e-01 1.008631160002450677e+00
4.000000000000000000e+01 9.929385843457216865e-01 9.815004036762534634e-01 1.009042610351064351e+00
4.100000000000000000e+01 9.923856115439361192e-01 9.808088233165398462e-01 1.009510805279559387e+00
4.200000000000000000e+01 9.919471997949893538e-01 9.802560979704498800e-01 1.010039445562175286e+00
4.300000000000000000e+01 9.916453238667256587e-01 9.798686370289171332e-01 1.010633742915115763e+00
4.400000000000000000e+01 9.915002015669412971e-01 9.796708313844202376e-01 1.011299398872840483e+00
4.500000000000000000e+01 9.915282110119835179e-01 9.796825750963477075e-01 1.012041504931407987e+00
4.600000000000000000e+01 9.917400188006819661e-01 9.799170716898224498e-01 1.012863559574691985e+00
4.700000000000000000e+01 9.921392317270431027e-01 9.803793181868994955e-01 1.013766771548663570e+00
4.800000000000000000e+01 9.927218003032900473e-01 9.810655572155253523e-01 1.014749766889084803e+00
4.900000000000000000e+01 9.934762595127129003e-01 9.819638114408429930e-01 1.015808743199576814e+00
5.000000000000000000e+01 9.943847290653271553e-01 9.830554080068762968e-01 1.016938032838999195e+00
5.100000000000000000e+01 9.954244572858443885e-01 9.843172167628665425e-01 1.018130964153168172e+00
5.200000000000000000e+01 9.965696169321417441e-01 9.857242101684626778e-01 1.019380861283746720e+00
5.300000000000000000e+01 9.977930626446035456e-01 9.872519259694134686e-01 1.020681993651237240e+00
5.400000000000000000e+01 9.990678406591487759e-01 9.888784899165741216e-01 1.022030372807920529e+00
5.500000000000000000e+01 1.000368333995951708e+00 9.905859505350724792e-01 1.023424177188812845e+00
5.600000000000000000e+01 1.001671059273636422e+00 9.923608586504023554e-01 1.024863822018430959e+00
5.700000000000000000e+01 1.002955019977270323e+00 9.941940156444614152e-01 1.026351473656232471e+00
5.800000000000000000e+01 1.004202212596800425e+00 9.960798922661594501e-01 1.027890562724012469e+00
5.900000000000000000e+01 1.005397750238990806e+00 9.980154849026695585e-01 1.029484777744678059e+00
6.000000000000000000e+01 1.006529923153162143e+00 9.999990360681029200e-01 1.031136973612381880e+00
6.100000000000000000e+01 1.007590063350335630e+00 1.002028740538880136e+00 1.032848037354199056e+00
6.200000000000000000e+01 1.008572087418913465e+00 1.004101541360367555e+00 1.034615779951162162e+00
6.300000000000000000e+01 1.009471590338492319e+00 1.006212058972184353e+00 1.036433882127971273e+00
6.400000000000000000e+01 1.010284407713613275e+00 1.008351641842295976e+00 1.038290877590510641e+00
6.500000000000000000e+01 1.011004654288039539e+00 1.010507497543963851e+00 1.040169135030616809e+00
6.600000000000000000e+01 1.011622369651326681e+00 1.012661871914309897e+00 1.042043820596928239e+00
6.700000000000000000e+01 1.012121238796984679e+00 1.014791381888408672e+00 1.043881909829367238e+00
6.800000000000000000e+01 1.012476196547728691e+00 1.016866331275361190e+00 1.045641364554988684e+00
6.900000000000000000e+01 1.012652213690752756e+00 1.018850652689258895e+00 1.047270868999055082e+00
7.000000000000000000e+01 1.012604206535458351e+00 1.020702336975541469e+00 1.048710385379358012e+00
7.100000000000000000e+01 1.012278690804491621e+00 1.022374822706325403e+00 1.049893079493767090e+00
7.200000000000000000e+01 1.011617483123284478e+00 1.023819527934821449e+00 1.050748491552919273e+00
7.300000000000000000e+01 1.010563222666966077e+00 1.024989430921180000e+00 1.051207322615684836e+00
7.400000000000000000e+01 1.009066343526801468e+00 1.025843483326465799e+00 1.051207230377769974e+00
7.500000000000000000e+01 1.007092668362048693e+00 1.026351334957286143e+00 1.050698988565370362e+00
7.600000000000000000e+01 1.004630553336604892e+00 1.026497680035568738e+00 1.049652111410833255e+00
7.700000000000000000e+01 1.001696430929605475e+00 1.026285487069793279e+00 1.048059040864163682e+00
7.800000000000000000e+01 9.983377249268057252e-01 1.025737483594350907e+00 1.045937209887050301e+00
7.900000000000000000e+01 9.946324365270168277e-01 1.024895516132652062e+00 1.043328680078263737e+00
8.000000000000000000e+01 9.906851634144901997e-01 1.023817739979455466e+00 1.040297497749970379e+00
8.100000000000000000e+01 9.866198314330056895e-01 1.022573939159461931e+00 1.036925290932731558e+00
8.200000000000000000e+01 9.825699058236108119e-01 1.021239564591255533e+00 1.033305838971922963e+00
8.300000000000000000e+01 9.786672447347786186e-01 1.019889253535280815e+00 1.029539339542242748e+00
8.400000000000000000e+01 9.750309301440220899e-01 1.018590682440258410e+00 1.025726976541897928e+00
8.500000000000000000e+01 9.717575783098868492e-01 1.017399457883814806e+00 1.021966035719390264e+00
8.600000000000000000e+01 9.689143129508638319e-01 1.016355662543066529e+00 1.018345712931820302e+00
8.700000000000000000e+01 9.665352886419691369e-01 1.015482369987831701e+00 1.014943571738189831e+00
8.800000000000000000e+01 9.646220930289225448e-01 1.014786158888158374e+00 1.011822629276230678e+00
8.900000000000000000e+01 9.631477420148228941e-01 1.014259366635937853e+00 1.009029145247109627e+00
9.000000000000000000e+01 9.620634177437539236e-01 1.013883583552609213e+00 1.006591297056016021e+00
