0.000000000000000000e+00 1.011247447944264799e+00 1.014685484310299257e+00 1.021169309426266159e+00
1.000000000000000000e+00 1.010043333104931662e+00 1.013705071124552104e+00 1.020415775139760228e+00
2.000000000000000000e+00 1.008671678826707829e+00 1.012588280538006424e+00 1.019559420486785717e+00
3.000000000000000000e+00 1.007148643980678271e+00 1.011348301089281643e+00 1.018612120911560837e+00
4.000000000000000000e+00 1.005499189666572146e+00 1.010005505825847250e+00 1.017592238065153198e+00
5.000000000000000000e+00 1.003756551976831002e+00 1.008587029149544900e+00 1.016524631114730237e+00
6.000000000000000000e+00 1.001961528840956461e+00 1.007126192512278529e+00 1.015440564480248664e+00
7.000000000000000000e+00 1.000161677401243399e+00 1.005661856378349484e+00 1.014377510249830028e+00
8.000000000000000000e+00 9.984103840019384890e-01 1.004237666065185053e+00 1.013378737235300253e+00
9.000000000000000000e+00 9.967656351329085007e-01 1.002901050011103745e+00 1.012492485545637422e+00
1.000000000000000000e+01 9.952882482530540642e-01 1.001701772726482087e+00 1.011770494773942541e+00
1.100000000000000000e+01 9.940392776823383514e-01 1.000689815315145115e+00 1.011265637351378199e+00
1.200000000000000000e+01 9.930767989232585080e-01 9.999127340018516552e-01 1.011028890028982774e+00
1.300000000000000000e+01 9.924519652592087571e-01 9.994124322925184156e-01 1.011105571322865382e+00
1.400000000000000000e+01 9.922049526042204803e-01 9.992218412201948619e-01 1.011531455019329506e+00
1.500000000000000000e+01 9.923613629189660390e-01 9.993619796244196385e-01 1.012329308300823572e+00
1.600000000000000000e+01 9.929297071484177728e-01 9.998399054280888709e-01 1.013506440191367375e+00
1.700000000000000000e+01 9.939004292032428411e-01 1.000647938136495885e+00 1.015053689738655285e+00
1.800000000000000000e+01 9.952466386079775740e-01 1.001764291367343906e+00 1.016946006595272012e+00
1.900000000000000000e+01 9.969263773066963097e-01 1.003154972500928332e+00 1.019144459134611269e+00
2.000000000000000000e+01 9.988859600990411813e-01 1.004776569818508714e+00 1.021599242447276845e+00
2.100000000000000000e+01 1.001063782960350590e+00 1.006579425224509494e+00 1.024253127468912616e+00
2.200000000000000000e+01 1.003394050274775573e+00 1.008510733318985331e+00 1.027044840498353651e+00
2.300000000000000000e+01 1.005809903763130730e+00 1.010517131194475837e+00 1.029911937999217209e+00
2.400000000000000000e+01 1.008246024469990232e+00 1.012546822608051400e+00 1.032793187207261987e+00
2.500000000000000000e+01 1.010640625654906755e+00 1.014551158292529287e+00 1.035630434351297202e+00
2.600000000000000000e+01 1.012937142545972780e+00 1.016485916684430224e+00 1.038370212223307387e+00
2.700000000000000000e+01 1.015085785498627047e+00 1.018312425541532562e+00 1.040965283279889242e+00
2.800000000000000000e+01 1.017045143648370509e+00 1.019998691831849991e+00 1.043376221464839659e+00
2.900000000000000000e+01 1.018783732465827541e+00 1.021520477800851978e+00 1.045572947593318425e+00
3.000000000000000000e+01 1.020281272919305815e+00 1.022862179924040493e+00 1.047535991358892637e+00
3.100000000000000000e+01 1.021529406443698607e+00 1.024017298247790642e+00 1.049257182951036649e+00
3.200000000000000000e+01 1.022531590518070077e+00 1.024988308726075825e+00 1.050739519855235171e+00
3.300000000000000000e+01 1.023302061830010601e+00 1.025785853862440478e+00 1.051996095634598838e+00
3.400000000000000000e+01 1.023863947756436854e+00 1.026427309834554435e+00 1.053048169814700508e+00
3.500000000000000000e+01 1.024246786024160638e+00 1.026934921324448302e+00 1.053922638223375952e+00
3.600000000000000000e+01 1.024483819672904250e+00 1.027333775109505964e+00 1.054649276066538688e+00
3.700000000000000000e+01 1.024609379704800594e+00 1.027649837884583750e+00 1.055258086307105714e+00
3.800000000000000000e+01 1.024656925118113904e+00 1.027908500638258449e+00 1.055777327242295893e+00
3.900000000000000000e+01 1.024657390101941123e+00 1.028133328260957047e+00 1.056231943926576378e+00
4.000000000000000000e+01 1.024638240229417407e+00 1.028345340576583222e+00 1.056642807094273495e+00
4.100000000000000000e+01 1.024622957147384827e+00 1.028562624249012680e+00 1.057026532050272527e+00
4.200000000000000000e+01 1.024630892164543283e+00 1.028800173071815927e+00 1.057395753622722312e+00
4.300000000000000000e+01 1.024677219590034216e+00 1.029069834264546124e+00 1.057759628174224753e+00
4.400000000000000000e+01 1.024772964938900799e+00 1.029380309329871679e+00 1.058124430568801344e+00
4.500000000000000000e+01 1.024925063236774569e+00 1.029737196861203019e+00 1.058494128414823265e+00
4.600000000000000000e+01 1.025136466241145961e+00 1.030143104217305927e+00 1.058870872116928874e+00
4.700000000000000000e+01 1.025406334648160112e+00 1.030597866440828181e+00 1.059255379598059044e+00
4.800000000000000000e+01 1.025730337787964741e+00 1.031098896072960347e+00 1.059647219491009373e+00
4.900000000000000000e+01 1.026101052224106747e+00 1.031641656304491450e+00 1.060045007898918090e+00
5.000000000000000000e+01 1.026508421177038555e+00 1.032220216761238873e+00 1.060446537133003186e+00
5.100000000000000000e+01 1.026940225213575753e+00 1.032827829465086777e+00 1.060848856154093411e+00
5.200000000000000000e+01 1.027382565829751959e+00 1.033457487702651667e+00 1.061248361821235608e+00
5.300000000000000000e+01 1.027820187203788205e+00 1.034102288463513819e+00 1.061640762020318984e+00
5.400000000000000000e+01 1.028236975581079848e+00 1.034755802120967294e+00 1.062021235149658294e+00
5.500000000000000000e+01 1.028616450907290369e+00 1.035412268600905517e+00 1.062384577227790450e+00
5.600000000000000000e+01 1.028942298536801081e+00 1.036066667501026384e+00 1.062725407658269283e+00
5.700000000000000000e+01 1.029199225152372943e+00 1.036714802332909358e+00 1.063038512057476126e+00
5.800000000000000000e+01 1.029373761857058200e+00 1.037353284223200278e+00 1.063319194309530813e+00
5.900000000000000000e+01 1.029455086123372443e+00 1.037979501108223346e+00 1.063563641624822642e+00
6.000000000000000000e+01 1.029435654228232577e+00 1.038591546639484164e+00 1.063769220500562662e+00
6.100000000000000000e+01 1.029311462961602919e+00 1.039188087762673129e+00 1.063934631964280175e+00
6.200000000000000000e+01 1.029081793351039442e+00 1.039768146723781816e+00 1.064059870232405780e+00
6.300000000000000000e+01 1.028748367338249814e+00 1.040330780972328117e+00 1.064145960228551013e+00
6.400000000000000000e+01 1.028313955358063581e+00 1.040874662266257467e+00 1.064194489920102349e+00
6.500000000000000000e+01 1.027780586572997867e+00 1.041397581424719609e+00 1.064206994583083876e+00
6.600000000000000000e+01 1.027147334200608109e+00 1.041895805301451761e+00 1.064184013259119377e+00
6.700000000000000000e+01 1.026408762862300206e+00 1.042363719983036230e+00 1.064124688118848194e+00
6.800000000000000000e+01 1.025553395496266562e+00 1.042793423087559290e+00 1.064026035474681331e+00
6.900000000000000000e+01 1.024562930023397600e+00 1.043174538481682401e+00 1.063882470028537863e+00
7.000000000000000000e+01 1.023412279139491066e+00 1.043494293466738609e+00 1.063685470036985548e+00
7.100000000000000000e+01 1.022070776023212835e+00 1.043737989125749666e+00 1.063423613154617309e+00
7.200000000000000000e+01 1.020503238291038395e+00 1.043889359592141464e+00 1.063082008978998960e+00
7.300000000000000000e+01 1.018671942078292592e+00 1.043931243131965392e+00 1.062642062750567939e+00
7.400000000000000000e+01 1.016538322848971276e+00 1.043846108187615807e+00 1.062080865742721869e+00
7.500000000000000000e+01 1.014064236543341879e+00 1.043616377778473048e+00 1.061370349065542840e+00
7.600000000000000000e+01 1.011212652097228659e+00 1.043224515760244886e+00 1.060476382965758191e+00
7.700000000000000000e+01 1.007947971582298541e+00 1.042652976408956489e+00 1.059358222861639165e+00
7.800000000000000000e+01 1.004236522800068254e+00 1.041884267671010500e+00 1.057968896445401041e+00
7.900000000000000000e+01 1.000048003520852546e+00 1.040901478661075075e+00 1.056257200300654064e+00
8.000000000000000000e+01 9.953586367428189918e-01 1.039689612543634345e+00 1.054171839714615366e+00
8.100000000000000000e+01 9.901564385142863634e-01 1.038237909762429245e+00 1.051667855065433699e+00
8.200000000000000000e+01 9.844483445624364615e-01 1.036543056056660639e+00 1.048714872814705323e+00
8.300000000000000000e+01 9.782680315359593148e-01 1.034612795485452041e+00 1.045305987482569643e+00
8.400000000000000000e+01 9.716827391685467497e-01 1.032469177512452152e+00 1.041465577844136625e+00
8.500000000000000000e+01 9.647968507976751873e-01 1.030150484035774250e+00 1.037254050012742734e+00
8.600000000000000000e+01 9.577503938308117304e-01 1.027711007757383666e+00 1.032767837513160591e+00
8.700000000000000000e+01 9.507114905243990721e-01 1.025218227121269754e+00 1.028133790941244241e+00
8.800000000000000000e+01 9.438631361434813849e-01 1.022747495609655832e+00 1.023498271935308512e+00
8.900000000000000000e+01 9.373861071298348335e-01 1.020374974665695600e+00 1.019012505793862822e+00
9.000000000000000000e+01 9.314408776152637293e-01 1.018170007425430512e+00 1.014816683329044178e+00
